{
 "cells": [
  {
   "cell_type": "markdown",
   "id": "4cbd0bf8",
   "metadata": {},
   "source": [
    "## Problem 1- setting up"
   ]
  },
  {
   "cell_type": "code",
   "execution_count": 1,
   "id": "5542a8f2",
   "metadata": {},
   "outputs": [
    {
     "name": "stdout",
     "output_type": "stream",
     "text": [
      "3.8.12\n"
     ]
    }
   ],
   "source": [
    "from platform import python_version\n",
    "print(python_version())"
   ]
  },
  {
   "cell_type": "code",
   "execution_count": 1,
   "id": "ea20827a",
   "metadata": {},
   "outputs": [],
   "source": [
    "import sys\n",
    "\n",
    "sys.path.append(\"C:\\\\Program Files (x86)\\\\MSCI Barra\\\\Barra Optimizer\\\\bin\")\n",
    "sys.path.append(\"C:\\\\Program Files (x86)\\\\MSCI Barra\\\\Barra Optimizer\\\\bin\\\\intel64\")\n",
    "sys.path.append(\"C:\\\\Program Files (x86)\\\\MSCI Barra\\\\Barra Optimizer\\\\tutorials\\\\python\")"
   ]
  },
  {
   "cell_type": "code",
   "execution_count": 2,
   "id": "868ff029",
   "metadata": {},
   "outputs": [
    {
     "data": {
      "text/plain": [
       "100.0"
      ]
     },
     "execution_count": 2,
     "metadata": {},
     "output_type": "execute_result"
    }
   ],
   "source": [
    "import barraopt\n",
    "ws = barraopt.CWorkSpace.CreateInstance()\n",
    "asset1 = ws.CreateAsset(\"A1\")\n",
    "asset1.SetPrice(100)\n",
    "asset1.GetPrice()\n"
   ]
  },
  {
   "cell_type": "markdown",
   "id": "e0431526",
   "metadata": {},
   "source": [
    "## Problem 2- Load the data files "
   ]
  },
  {
   "cell_type": "code",
   "execution_count": 3,
   "id": "a82e9409",
   "metadata": {},
   "outputs": [],
   "source": [
    "url = \"C:\\\\Program Files (x86)\\\\MSCI Barra\\\\Barra Optimizer\\\\tutorials\\\\tutorial_data\\\\SMD_USSLOWL_100_220211\\\\\"\n",
    "\n",
    "import barraopt\n",
    "from barraopt import CRiskModel\n",
    "workspace = barraopt.CWorkSpace.CreateInstance()\n",
    "rm = workspace.CreateRiskModel('USSLOW')  #CRiskModel\n",
    "\n",
    "#Asset_ID = ['ARGAPG1','ARGAPI1','AUTAUW1']   #AAPL, GOOD, NFLX\n",
    "\n",
    "\n",
    "status = rm.LoadModelsDirectData(url, 20220211)\n",
    "\n",
    "# Check if file loaded successfully using success status and Beta status\n",
    "if status != barraopt.eSUCCESS or rm.IsFactorInModel('USSLOWL_BETA') != True:\n",
    "    print('Failed to load risk model data using Models Direct files')\n",
    "    "
   ]
  },
  {
   "cell_type": "code",
   "execution_count": 4,
   "id": "0d8ab6cd",
   "metadata": {},
   "outputs": [
    {
     "data": {
      "text/plain": [
       "CAttributeSet({'USSLOWL_BETA': -0.156, 'USSLOWL_COUNTRY': 1.0, 'USSLOWL_DIVYILD': -0.889, 'USSLOWL_EARNQLTY': 0.771, 'USSLOWL_EARNYILD': -0.237, 'USSLOWL_GROWTH': 1.87, 'USSLOWL_LEVERAGE': -0.011, 'USSLOWL_LIQUIDTY': 0.102, 'USSLOWL_LTREVRSL': -0.023, 'USSLOWL_MEDIA': 1.0, 'USSLOWL_MGMTQLTY': -0.849, 'USSLOWL_MIDCAP': -0.255, 'USSLOWL_MOMENTUM': -0.523, 'USSLOWL_PROFIT': 1.16, 'USSLOWL_PROSPECT': 0.169, 'USSLOWL_RESVOL': 2.766, 'USSLOWL_SIZE': 0.495, 'USSLOWL_VALUE': -0.486})"
      ]
     },
     "execution_count": 4,
     "metadata": {},
     "output_type": "execute_result"
    }
   ],
   "source": [
    "# Total Factors \n",
    "rm.GetFactorExposureBySet('AUTAUW1')"
   ]
  },
  {
   "cell_type": "markdown",
   "id": "1c3cc21f",
   "metadata": {},
   "source": [
    "### 2-1. Beta for AAPL, GOOG, NFLX"
   ]
  },
  {
   "cell_type": "code",
   "execution_count": 6,
   "id": "e6651ad6",
   "metadata": {},
   "outputs": [
    {
     "name": "stdout",
     "output_type": "stream",
     "text": [
      "AAPL_Beta: -0.744 \n",
      "GOOG_Beta -0.4 \n",
      "NFLX_Beta -0.156\n"
     ]
    }
   ],
   "source": [
    "# Beta of AAPL, Goog, NFLX\n",
    "AAPL_Beta = rm.GetFactorExposureBySet('ARGAPG1')['USSLOWL_BETA']\n",
    "GOOG_Beta = rm.GetFactorExposureBySet('ARGAPI1')['USSLOWL_BETA']\n",
    "NFLX_Beta = rm.GetFactorExposureBySet('AUTAUW1')['USSLOWL_BETA']\n",
    "\n",
    "print('AAPL_Beta:', AAPL_Beta,'\\n'\n",
    "     'GOOG_Beta',GOOG_Beta,'\\n'\n",
    "     'NFLX_Beta',NFLX_Beta)"
   ]
  },
  {
   "cell_type": "markdown",
   "id": "7b84962f",
   "metadata": {},
   "source": [
    "### 2-2. Variance-Covariance matrix for the 20 factors"
   ]
  },
  {
   "cell_type": "code",
   "execution_count": 7,
   "id": "b09dc100",
   "metadata": {},
   "outputs": [],
   "source": [
    "import itertools\n",
    "import numpy as np\n",
    "import pandas as pd\n",
    "\n",
    "Combination = []\n",
    "Factors = [i for i in rm.GetFactorExposureBySet('AUTAUW1')]\n",
    "for x, y in itertools.product(Factors, Factors):\n",
    "    Combination.append((x,y))\n",
    "\n",
    "    "
   ]
  },
  {
   "cell_type": "code",
   "execution_count": 8,
   "id": "b91bef8e",
   "metadata": {
    "scrolled": true
   },
   "outputs": [
    {
     "name": "stderr",
     "output_type": "stream",
     "text": [
      "C:\\Users\\j4a3m\\AppData\\Local\\Temp/ipykernel_33552/1948352045.py:4: SettingWithCopyWarning: \n",
      "A value is trying to be set on a copy of a slice from a DataFrame\n",
      "\n",
      "See the caveats in the documentation: https://pandas.pydata.org/pandas-docs/stable/user_guide/indexing.html#returning-a-view-versus-a-copy\n",
      "  matrix_dataframe[i[0]][i[1]]= rm.GetFactorCovariance(i[0],i[1])\n"
     ]
    },
    {
     "data": {
      "text/html": [
       "<div>\n",
       "<style scoped>\n",
       "    .dataframe tbody tr th:only-of-type {\n",
       "        vertical-align: middle;\n",
       "    }\n",
       "\n",
       "    .dataframe tbody tr th {\n",
       "        vertical-align: top;\n",
       "    }\n",
       "\n",
       "    .dataframe thead th {\n",
       "        text-align: right;\n",
       "    }\n",
       "</style>\n",
       "<table border=\"1\" class=\"dataframe\">\n",
       "  <thead>\n",
       "    <tr style=\"text-align: right;\">\n",
       "      <th></th>\n",
       "      <th>USSLOWL_BETA</th>\n",
       "      <th>USSLOWL_COUNTRY</th>\n",
       "      <th>USSLOWL_DIVYILD</th>\n",
       "      <th>USSLOWL_EARNQLTY</th>\n",
       "      <th>USSLOWL_EARNYILD</th>\n",
       "      <th>USSLOWL_GROWTH</th>\n",
       "      <th>USSLOWL_LEVERAGE</th>\n",
       "      <th>USSLOWL_LIQUIDTY</th>\n",
       "      <th>USSLOWL_LTREVRSL</th>\n",
       "      <th>USSLOWL_MEDIA</th>\n",
       "      <th>USSLOWL_MGMTQLTY</th>\n",
       "      <th>USSLOWL_MIDCAP</th>\n",
       "      <th>USSLOWL_MOMENTUM</th>\n",
       "      <th>USSLOWL_PROFIT</th>\n",
       "      <th>USSLOWL_PROSPECT</th>\n",
       "      <th>USSLOWL_RESVOL</th>\n",
       "      <th>USSLOWL_SIZE</th>\n",
       "      <th>USSLOWL_VALUE</th>\n",
       "    </tr>\n",
       "  </thead>\n",
       "  <tbody>\n",
       "    <tr>\n",
       "      <th>USSLOWL_BETA</th>\n",
       "      <td>0.004528</td>\n",
       "      <td>0.009116</td>\n",
       "      <td>0.000006</td>\n",
       "      <td>-0.000379</td>\n",
       "      <td>0.000111</td>\n",
       "      <td>0.000055</td>\n",
       "      <td>0.000428</td>\n",
       "      <td>0.000235</td>\n",
       "      <td>-0.000175</td>\n",
       "      <td>0.001049</td>\n",
       "      <td>-0.000002</td>\n",
       "      <td>0.000242</td>\n",
       "      <td>-0.000765</td>\n",
       "      <td>-0.000533</td>\n",
       "      <td>0.000620</td>\n",
       "      <td>0.002531</td>\n",
       "      <td>-0.001156</td>\n",
       "      <td>0.000148</td>\n",
       "    </tr>\n",
       "    <tr>\n",
       "      <th>USSLOWL_COUNTRY</th>\n",
       "      <td>0.009116</td>\n",
       "      <td>0.032601</td>\n",
       "      <td>-0.000116</td>\n",
       "      <td>-0.001025</td>\n",
       "      <td>0.000207</td>\n",
       "      <td>0.000308</td>\n",
       "      <td>0.001772</td>\n",
       "      <td>0.000886</td>\n",
       "      <td>-0.000833</td>\n",
       "      <td>-0.000616</td>\n",
       "      <td>-0.000225</td>\n",
       "      <td>0.000605</td>\n",
       "      <td>0.000121</td>\n",
       "      <td>-0.001127</td>\n",
       "      <td>0.001645</td>\n",
       "      <td>0.004614</td>\n",
       "      <td>-0.001899</td>\n",
       "      <td>0.000169</td>\n",
       "    </tr>\n",
       "    <tr>\n",
       "      <th>USSLOWL_DIVYILD</th>\n",
       "      <td>0.000006</td>\n",
       "      <td>-0.000116</td>\n",
       "      <td>0.000361</td>\n",
       "      <td>-0.000058</td>\n",
       "      <td>0.000010</td>\n",
       "      <td>0.000007</td>\n",
       "      <td>0.000054</td>\n",
       "      <td>-0.000020</td>\n",
       "      <td>0.000084</td>\n",
       "      <td>0.000007</td>\n",
       "      <td>0.000021</td>\n",
       "      <td>0.000018</td>\n",
       "      <td>-0.000079</td>\n",
       "      <td>-0.000069</td>\n",
       "      <td>-0.000034</td>\n",
       "      <td>0.000086</td>\n",
       "      <td>-0.000155</td>\n",
       "      <td>0.000071</td>\n",
       "    </tr>\n",
       "    <tr>\n",
       "      <th>USSLOWL_EARNQLTY</th>\n",
       "      <td>-0.000379</td>\n",
       "      <td>-0.001025</td>\n",
       "      <td>-0.000058</td>\n",
       "      <td>0.000678</td>\n",
       "      <td>0.000004</td>\n",
       "      <td>-0.000005</td>\n",
       "      <td>-0.000232</td>\n",
       "      <td>-0.000060</td>\n",
       "      <td>0.000014</td>\n",
       "      <td>0.000006</td>\n",
       "      <td>-0.000050</td>\n",
       "      <td>-0.000030</td>\n",
       "      <td>0.000024</td>\n",
       "      <td>0.000141</td>\n",
       "      <td>-0.000191</td>\n",
       "      <td>-0.000207</td>\n",
       "      <td>0.000090</td>\n",
       "      <td>0.000049</td>\n",
       "    </tr>\n",
       "    <tr>\n",
       "      <th>USSLOWL_EARNYILD</th>\n",
       "      <td>0.000111</td>\n",
       "      <td>0.000207</td>\n",
       "      <td>0.000010</td>\n",
       "      <td>0.000004</td>\n",
       "      <td>0.001066</td>\n",
       "      <td>-0.000137</td>\n",
       "      <td>0.000128</td>\n",
       "      <td>-0.000076</td>\n",
       "      <td>0.000260</td>\n",
       "      <td>0.000047</td>\n",
       "      <td>0.000218</td>\n",
       "      <td>-0.000046</td>\n",
       "      <td>-0.000552</td>\n",
       "      <td>-0.000024</td>\n",
       "      <td>0.000024</td>\n",
       "      <td>-0.000183</td>\n",
       "      <td>-0.000063</td>\n",
       "      <td>0.000325</td>\n",
       "    </tr>\n",
       "    <tr>\n",
       "      <th>USSLOWL_GROWTH</th>\n",
       "      <td>0.000055</td>\n",
       "      <td>0.000308</td>\n",
       "      <td>0.000007</td>\n",
       "      <td>-0.000005</td>\n",
       "      <td>-0.000137</td>\n",
       "      <td>0.000287</td>\n",
       "      <td>0.000002</td>\n",
       "      <td>0.000066</td>\n",
       "      <td>-0.000124</td>\n",
       "      <td>-0.000060</td>\n",
       "      <td>-0.000076</td>\n",
       "      <td>0.000033</td>\n",
       "      <td>0.000309</td>\n",
       "      <td>-0.000050</td>\n",
       "      <td>0.000059</td>\n",
       "      <td>0.000056</td>\n",
       "      <td>-0.000007</td>\n",
       "      <td>-0.000092</td>\n",
       "    </tr>\n",
       "    <tr>\n",
       "      <th>USSLOWL_LEVERAGE</th>\n",
       "      <td>0.000428</td>\n",
       "      <td>0.001772</td>\n",
       "      <td>0.000054</td>\n",
       "      <td>-0.000232</td>\n",
       "      <td>0.000128</td>\n",
       "      <td>0.000002</td>\n",
       "      <td>0.000851</td>\n",
       "      <td>0.000080</td>\n",
       "      <td>0.000036</td>\n",
       "      <td>0.000364</td>\n",
       "      <td>0.000062</td>\n",
       "      <td>0.000044</td>\n",
       "      <td>-0.000213</td>\n",
       "      <td>-0.000102</td>\n",
       "      <td>0.000243</td>\n",
       "      <td>-0.000114</td>\n",
       "      <td>-0.000178</td>\n",
       "      <td>0.000401</td>\n",
       "    </tr>\n",
       "    <tr>\n",
       "      <th>USSLOWL_LIQUIDTY</th>\n",
       "      <td>0.000235</td>\n",
       "      <td>0.000886</td>\n",
       "      <td>-0.000020</td>\n",
       "      <td>-0.000060</td>\n",
       "      <td>-0.000076</td>\n",
       "      <td>0.000066</td>\n",
       "      <td>0.000080</td>\n",
       "      <td>0.000700</td>\n",
       "      <td>-0.000036</td>\n",
       "      <td>0.000060</td>\n",
       "      <td>-0.000113</td>\n",
       "      <td>0.000017</td>\n",
       "      <td>0.000105</td>\n",
       "      <td>-0.000063</td>\n",
       "      <td>0.000014</td>\n",
       "      <td>0.000675</td>\n",
       "      <td>-0.000064</td>\n",
       "      <td>-0.000119</td>\n",
       "    </tr>\n",
       "    <tr>\n",
       "      <th>USSLOWL_LTREVRSL</th>\n",
       "      <td>-0.000175</td>\n",
       "      <td>-0.000833</td>\n",
       "      <td>0.000084</td>\n",
       "      <td>0.000014</td>\n",
       "      <td>0.000260</td>\n",
       "      <td>-0.000124</td>\n",
       "      <td>0.000036</td>\n",
       "      <td>-0.000036</td>\n",
       "      <td>0.001109</td>\n",
       "      <td>0.000327</td>\n",
       "      <td>0.000170</td>\n",
       "      <td>-0.000086</td>\n",
       "      <td>-0.000549</td>\n",
       "      <td>0.000062</td>\n",
       "      <td>-0.000312</td>\n",
       "      <td>-0.000349</td>\n",
       "      <td>0.000034</td>\n",
       "      <td>0.000627</td>\n",
       "    </tr>\n",
       "    <tr>\n",
       "      <th>USSLOWL_MEDIA</th>\n",
       "      <td>0.001049</td>\n",
       "      <td>-0.000616</td>\n",
       "      <td>0.000007</td>\n",
       "      <td>0.000006</td>\n",
       "      <td>0.000047</td>\n",
       "      <td>-0.000060</td>\n",
       "      <td>0.000364</td>\n",
       "      <td>0.000060</td>\n",
       "      <td>0.000327</td>\n",
       "      <td>0.013317</td>\n",
       "      <td>-0.000041</td>\n",
       "      <td>0.000045</td>\n",
       "      <td>-0.000955</td>\n",
       "      <td>-0.000117</td>\n",
       "      <td>0.000090</td>\n",
       "      <td>0.001346</td>\n",
       "      <td>-0.000605</td>\n",
       "      <td>0.000218</td>\n",
       "    </tr>\n",
       "    <tr>\n",
       "      <th>USSLOWL_MGMTQLTY</th>\n",
       "      <td>-0.000002</td>\n",
       "      <td>-0.000225</td>\n",
       "      <td>0.000021</td>\n",
       "      <td>-0.000050</td>\n",
       "      <td>0.000218</td>\n",
       "      <td>-0.000076</td>\n",
       "      <td>0.000062</td>\n",
       "      <td>-0.000113</td>\n",
       "      <td>0.000170</td>\n",
       "      <td>-0.000041</td>\n",
       "      <td>0.000315</td>\n",
       "      <td>-0.000020</td>\n",
       "      <td>-0.000336</td>\n",
       "      <td>0.000016</td>\n",
       "      <td>0.000026</td>\n",
       "      <td>-0.000258</td>\n",
       "      <td>0.000078</td>\n",
       "      <td>0.000268</td>\n",
       "    </tr>\n",
       "    <tr>\n",
       "      <th>USSLOWL_MIDCAP</th>\n",
       "      <td>0.000242</td>\n",
       "      <td>0.000605</td>\n",
       "      <td>0.000018</td>\n",
       "      <td>-0.000030</td>\n",
       "      <td>-0.000046</td>\n",
       "      <td>0.000033</td>\n",
       "      <td>0.000044</td>\n",
       "      <td>0.000017</td>\n",
       "      <td>-0.000086</td>\n",
       "      <td>0.000045</td>\n",
       "      <td>-0.000020</td>\n",
       "      <td>0.000617</td>\n",
       "      <td>0.000119</td>\n",
       "      <td>-0.000098</td>\n",
       "      <td>0.000037</td>\n",
       "      <td>0.000296</td>\n",
       "      <td>-0.000042</td>\n",
       "      <td>-0.000056</td>\n",
       "    </tr>\n",
       "    <tr>\n",
       "      <th>USSLOWL_MOMENTUM</th>\n",
       "      <td>-0.000765</td>\n",
       "      <td>0.000121</td>\n",
       "      <td>-0.000079</td>\n",
       "      <td>0.000024</td>\n",
       "      <td>-0.000552</td>\n",
       "      <td>0.000309</td>\n",
       "      <td>-0.000213</td>\n",
       "      <td>0.000105</td>\n",
       "      <td>-0.000549</td>\n",
       "      <td>-0.000955</td>\n",
       "      <td>-0.000336</td>\n",
       "      <td>0.000119</td>\n",
       "      <td>0.003770</td>\n",
       "      <td>-0.000040</td>\n",
       "      <td>0.000217</td>\n",
       "      <td>0.000186</td>\n",
       "      <td>0.000010</td>\n",
       "      <td>-0.000617</td>\n",
       "    </tr>\n",
       "    <tr>\n",
       "      <th>USSLOWL_PROFIT</th>\n",
       "      <td>-0.000533</td>\n",
       "      <td>-0.001127</td>\n",
       "      <td>-0.000069</td>\n",
       "      <td>0.000141</td>\n",
       "      <td>-0.000024</td>\n",
       "      <td>-0.000050</td>\n",
       "      <td>-0.000102</td>\n",
       "      <td>-0.000063</td>\n",
       "      <td>0.000062</td>\n",
       "      <td>-0.000117</td>\n",
       "      <td>0.000016</td>\n",
       "      <td>-0.000098</td>\n",
       "      <td>-0.000040</td>\n",
       "      <td>0.000518</td>\n",
       "      <td>-0.000130</td>\n",
       "      <td>-0.000424</td>\n",
       "      <td>0.000319</td>\n",
       "      <td>0.000110</td>\n",
       "    </tr>\n",
       "    <tr>\n",
       "      <th>USSLOWL_PROSPECT</th>\n",
       "      <td>0.000620</td>\n",
       "      <td>0.001645</td>\n",
       "      <td>-0.000034</td>\n",
       "      <td>-0.000191</td>\n",
       "      <td>0.000024</td>\n",
       "      <td>0.000059</td>\n",
       "      <td>0.000243</td>\n",
       "      <td>0.000014</td>\n",
       "      <td>-0.000312</td>\n",
       "      <td>0.000090</td>\n",
       "      <td>0.000026</td>\n",
       "      <td>0.000037</td>\n",
       "      <td>0.000217</td>\n",
       "      <td>-0.000130</td>\n",
       "      <td>0.000637</td>\n",
       "      <td>0.000415</td>\n",
       "      <td>-0.000294</td>\n",
       "      <td>-0.000082</td>\n",
       "    </tr>\n",
       "    <tr>\n",
       "      <th>USSLOWL_RESVOL</th>\n",
       "      <td>0.002531</td>\n",
       "      <td>0.004614</td>\n",
       "      <td>0.000086</td>\n",
       "      <td>-0.000207</td>\n",
       "      <td>-0.000183</td>\n",
       "      <td>0.000056</td>\n",
       "      <td>-0.000114</td>\n",
       "      <td>0.000675</td>\n",
       "      <td>-0.000349</td>\n",
       "      <td>0.001346</td>\n",
       "      <td>-0.000258</td>\n",
       "      <td>0.000296</td>\n",
       "      <td>0.000186</td>\n",
       "      <td>-0.000424</td>\n",
       "      <td>0.000415</td>\n",
       "      <td>0.004969</td>\n",
       "      <td>-0.001565</td>\n",
       "      <td>-0.000524</td>\n",
       "    </tr>\n",
       "    <tr>\n",
       "      <th>USSLOWL_SIZE</th>\n",
       "      <td>-0.001156</td>\n",
       "      <td>-0.001899</td>\n",
       "      <td>-0.000155</td>\n",
       "      <td>0.000090</td>\n",
       "      <td>-0.000063</td>\n",
       "      <td>-0.000007</td>\n",
       "      <td>-0.000178</td>\n",
       "      <td>-0.000064</td>\n",
       "      <td>0.000034</td>\n",
       "      <td>-0.000605</td>\n",
       "      <td>0.000078</td>\n",
       "      <td>-0.000042</td>\n",
       "      <td>0.000010</td>\n",
       "      <td>0.000319</td>\n",
       "      <td>-0.000294</td>\n",
       "      <td>-0.001565</td>\n",
       "      <td>0.001552</td>\n",
       "      <td>0.000102</td>\n",
       "    </tr>\n",
       "    <tr>\n",
       "      <th>USSLOWL_VALUE</th>\n",
       "      <td>0.000148</td>\n",
       "      <td>0.000169</td>\n",
       "      <td>0.000071</td>\n",
       "      <td>0.000049</td>\n",
       "      <td>0.000325</td>\n",
       "      <td>-0.000092</td>\n",
       "      <td>0.000401</td>\n",
       "      <td>-0.000119</td>\n",
       "      <td>0.000627</td>\n",
       "      <td>0.000218</td>\n",
       "      <td>0.000268</td>\n",
       "      <td>-0.000056</td>\n",
       "      <td>-0.000617</td>\n",
       "      <td>0.000110</td>\n",
       "      <td>-0.000082</td>\n",
       "      <td>-0.000524</td>\n",
       "      <td>0.000102</td>\n",
       "      <td>0.001202</td>\n",
       "    </tr>\n",
       "  </tbody>\n",
       "</table>\n",
       "</div>"
      ],
      "text/plain": [
       "                  USSLOWL_BETA  USSLOWL_COUNTRY  USSLOWL_DIVYILD  \\\n",
       "USSLOWL_BETA          0.004528         0.009116         0.000006   \n",
       "USSLOWL_COUNTRY       0.009116         0.032601        -0.000116   \n",
       "USSLOWL_DIVYILD       0.000006        -0.000116         0.000361   \n",
       "USSLOWL_EARNQLTY     -0.000379        -0.001025        -0.000058   \n",
       "USSLOWL_EARNYILD      0.000111         0.000207         0.000010   \n",
       "USSLOWL_GROWTH        0.000055         0.000308         0.000007   \n",
       "USSLOWL_LEVERAGE      0.000428         0.001772         0.000054   \n",
       "USSLOWL_LIQUIDTY      0.000235         0.000886        -0.000020   \n",
       "USSLOWL_LTREVRSL     -0.000175        -0.000833         0.000084   \n",
       "USSLOWL_MEDIA         0.001049        -0.000616         0.000007   \n",
       "USSLOWL_MGMTQLTY     -0.000002        -0.000225         0.000021   \n",
       "USSLOWL_MIDCAP        0.000242         0.000605         0.000018   \n",
       "USSLOWL_MOMENTUM     -0.000765         0.000121        -0.000079   \n",
       "USSLOWL_PROFIT       -0.000533        -0.001127        -0.000069   \n",
       "USSLOWL_PROSPECT      0.000620         0.001645        -0.000034   \n",
       "USSLOWL_RESVOL        0.002531         0.004614         0.000086   \n",
       "USSLOWL_SIZE         -0.001156        -0.001899        -0.000155   \n",
       "USSLOWL_VALUE         0.000148         0.000169         0.000071   \n",
       "\n",
       "                  USSLOWL_EARNQLTY  USSLOWL_EARNYILD  USSLOWL_GROWTH  \\\n",
       "USSLOWL_BETA             -0.000379          0.000111        0.000055   \n",
       "USSLOWL_COUNTRY          -0.001025          0.000207        0.000308   \n",
       "USSLOWL_DIVYILD          -0.000058          0.000010        0.000007   \n",
       "USSLOWL_EARNQLTY          0.000678          0.000004       -0.000005   \n",
       "USSLOWL_EARNYILD          0.000004          0.001066       -0.000137   \n",
       "USSLOWL_GROWTH           -0.000005         -0.000137        0.000287   \n",
       "USSLOWL_LEVERAGE         -0.000232          0.000128        0.000002   \n",
       "USSLOWL_LIQUIDTY         -0.000060         -0.000076        0.000066   \n",
       "USSLOWL_LTREVRSL          0.000014          0.000260       -0.000124   \n",
       "USSLOWL_MEDIA             0.000006          0.000047       -0.000060   \n",
       "USSLOWL_MGMTQLTY         -0.000050          0.000218       -0.000076   \n",
       "USSLOWL_MIDCAP           -0.000030         -0.000046        0.000033   \n",
       "USSLOWL_MOMENTUM          0.000024         -0.000552        0.000309   \n",
       "USSLOWL_PROFIT            0.000141         -0.000024       -0.000050   \n",
       "USSLOWL_PROSPECT         -0.000191          0.000024        0.000059   \n",
       "USSLOWL_RESVOL           -0.000207         -0.000183        0.000056   \n",
       "USSLOWL_SIZE              0.000090         -0.000063       -0.000007   \n",
       "USSLOWL_VALUE             0.000049          0.000325       -0.000092   \n",
       "\n",
       "                  USSLOWL_LEVERAGE  USSLOWL_LIQUIDTY  USSLOWL_LTREVRSL  \\\n",
       "USSLOWL_BETA              0.000428          0.000235         -0.000175   \n",
       "USSLOWL_COUNTRY           0.001772          0.000886         -0.000833   \n",
       "USSLOWL_DIVYILD           0.000054         -0.000020          0.000084   \n",
       "USSLOWL_EARNQLTY         -0.000232         -0.000060          0.000014   \n",
       "USSLOWL_EARNYILD          0.000128         -0.000076          0.000260   \n",
       "USSLOWL_GROWTH            0.000002          0.000066         -0.000124   \n",
       "USSLOWL_LEVERAGE          0.000851          0.000080          0.000036   \n",
       "USSLOWL_LIQUIDTY          0.000080          0.000700         -0.000036   \n",
       "USSLOWL_LTREVRSL          0.000036         -0.000036          0.001109   \n",
       "USSLOWL_MEDIA             0.000364          0.000060          0.000327   \n",
       "USSLOWL_MGMTQLTY          0.000062         -0.000113          0.000170   \n",
       "USSLOWL_MIDCAP            0.000044          0.000017         -0.000086   \n",
       "USSLOWL_MOMENTUM         -0.000213          0.000105         -0.000549   \n",
       "USSLOWL_PROFIT           -0.000102         -0.000063          0.000062   \n",
       "USSLOWL_PROSPECT          0.000243          0.000014         -0.000312   \n",
       "USSLOWL_RESVOL           -0.000114          0.000675         -0.000349   \n",
       "USSLOWL_SIZE             -0.000178         -0.000064          0.000034   \n",
       "USSLOWL_VALUE             0.000401         -0.000119          0.000627   \n",
       "\n",
       "                  USSLOWL_MEDIA  USSLOWL_MGMTQLTY  USSLOWL_MIDCAP  \\\n",
       "USSLOWL_BETA           0.001049         -0.000002        0.000242   \n",
       "USSLOWL_COUNTRY       -0.000616         -0.000225        0.000605   \n",
       "USSLOWL_DIVYILD        0.000007          0.000021        0.000018   \n",
       "USSLOWL_EARNQLTY       0.000006         -0.000050       -0.000030   \n",
       "USSLOWL_EARNYILD       0.000047          0.000218       -0.000046   \n",
       "USSLOWL_GROWTH        -0.000060         -0.000076        0.000033   \n",
       "USSLOWL_LEVERAGE       0.000364          0.000062        0.000044   \n",
       "USSLOWL_LIQUIDTY       0.000060         -0.000113        0.000017   \n",
       "USSLOWL_LTREVRSL       0.000327          0.000170       -0.000086   \n",
       "USSLOWL_MEDIA          0.013317         -0.000041        0.000045   \n",
       "USSLOWL_MGMTQLTY      -0.000041          0.000315       -0.000020   \n",
       "USSLOWL_MIDCAP         0.000045         -0.000020        0.000617   \n",
       "USSLOWL_MOMENTUM      -0.000955         -0.000336        0.000119   \n",
       "USSLOWL_PROFIT        -0.000117          0.000016       -0.000098   \n",
       "USSLOWL_PROSPECT       0.000090          0.000026        0.000037   \n",
       "USSLOWL_RESVOL         0.001346         -0.000258        0.000296   \n",
       "USSLOWL_SIZE          -0.000605          0.000078       -0.000042   \n",
       "USSLOWL_VALUE          0.000218          0.000268       -0.000056   \n",
       "\n",
       "                  USSLOWL_MOMENTUM  USSLOWL_PROFIT  USSLOWL_PROSPECT  \\\n",
       "USSLOWL_BETA             -0.000765       -0.000533          0.000620   \n",
       "USSLOWL_COUNTRY           0.000121       -0.001127          0.001645   \n",
       "USSLOWL_DIVYILD          -0.000079       -0.000069         -0.000034   \n",
       "USSLOWL_EARNQLTY          0.000024        0.000141         -0.000191   \n",
       "USSLOWL_EARNYILD         -0.000552       -0.000024          0.000024   \n",
       "USSLOWL_GROWTH            0.000309       -0.000050          0.000059   \n",
       "USSLOWL_LEVERAGE         -0.000213       -0.000102          0.000243   \n",
       "USSLOWL_LIQUIDTY          0.000105       -0.000063          0.000014   \n",
       "USSLOWL_LTREVRSL         -0.000549        0.000062         -0.000312   \n",
       "USSLOWL_MEDIA            -0.000955       -0.000117          0.000090   \n",
       "USSLOWL_MGMTQLTY         -0.000336        0.000016          0.000026   \n",
       "USSLOWL_MIDCAP            0.000119       -0.000098          0.000037   \n",
       "USSLOWL_MOMENTUM          0.003770       -0.000040          0.000217   \n",
       "USSLOWL_PROFIT           -0.000040        0.000518         -0.000130   \n",
       "USSLOWL_PROSPECT          0.000217       -0.000130          0.000637   \n",
       "USSLOWL_RESVOL            0.000186       -0.000424          0.000415   \n",
       "USSLOWL_SIZE              0.000010        0.000319         -0.000294   \n",
       "USSLOWL_VALUE            -0.000617        0.000110         -0.000082   \n",
       "\n",
       "                  USSLOWL_RESVOL  USSLOWL_SIZE  USSLOWL_VALUE  \n",
       "USSLOWL_BETA            0.002531     -0.001156       0.000148  \n",
       "USSLOWL_COUNTRY         0.004614     -0.001899       0.000169  \n",
       "USSLOWL_DIVYILD         0.000086     -0.000155       0.000071  \n",
       "USSLOWL_EARNQLTY       -0.000207      0.000090       0.000049  \n",
       "USSLOWL_EARNYILD       -0.000183     -0.000063       0.000325  \n",
       "USSLOWL_GROWTH          0.000056     -0.000007      -0.000092  \n",
       "USSLOWL_LEVERAGE       -0.000114     -0.000178       0.000401  \n",
       "USSLOWL_LIQUIDTY        0.000675     -0.000064      -0.000119  \n",
       "USSLOWL_LTREVRSL       -0.000349      0.000034       0.000627  \n",
       "USSLOWL_MEDIA           0.001346     -0.000605       0.000218  \n",
       "USSLOWL_MGMTQLTY       -0.000258      0.000078       0.000268  \n",
       "USSLOWL_MIDCAP          0.000296     -0.000042      -0.000056  \n",
       "USSLOWL_MOMENTUM        0.000186      0.000010      -0.000617  \n",
       "USSLOWL_PROFIT         -0.000424      0.000319       0.000110  \n",
       "USSLOWL_PROSPECT        0.000415     -0.000294      -0.000082  \n",
       "USSLOWL_RESVOL          0.004969     -0.001565      -0.000524  \n",
       "USSLOWL_SIZE           -0.001565      0.001552       0.000102  \n",
       "USSLOWL_VALUE          -0.000524      0.000102       0.001202  "
      ]
     },
     "execution_count": 8,
     "metadata": {},
     "output_type": "execute_result"
    }
   ],
   "source": [
    "#DataFrame Type\n",
    "matrix = [([0]*len(Factors)) for i in range(len(Factors))]\n",
    "matrix_dataframe = pd.DataFrame(matrix,columns = Factors, index = Factors)\n",
    "\n",
    "for i in Combination:\n",
    "    matrix_dataframe[i[0]][i[1]]= rm.GetFactorCovariance(i[0],i[1])\n",
    "matrix_dataframe"
   ]
  },
  {
   "cell_type": "code",
   "execution_count": 9,
   "id": "fca94bd3",
   "metadata": {},
   "outputs": [
    {
     "data": {
      "text/plain": [
       "array([[ 4.52829603e-03,  9.11590331e-03,  5.59061236e-06,\n",
       "        -3.79450896e-04,  1.10853173e-04,  5.46230127e-05,\n",
       "         4.27817064e-04,  2.35226753e-04, -1.74702534e-04,\n",
       "         1.04945196e-03, -2.14913491e-06,  2.42443742e-04,\n",
       "        -7.64955990e-04, -5.33276296e-04,  6.20227730e-04,\n",
       "         2.53116799e-03, -1.15629828e-03,  1.48475853e-04],\n",
       "       [ 9.11590331e-03,  3.26006177e-02, -1.16059692e-04,\n",
       "        -1.02504853e-03,  2.07034240e-04,  3.07660494e-04,\n",
       "         1.77191938e-03,  8.86362211e-04, -8.33379244e-04,\n",
       "        -6.15787515e-04, -2.25393686e-04,  6.04789698e-04,\n",
       "         1.20788043e-04, -1.12695859e-03,  1.64459789e-03,\n",
       "         4.61427842e-03, -1.89891722e-03,  1.68661873e-04],\n",
       "       [ 5.59061236e-06, -1.16059692e-04,  3.61492949e-04,\n",
       "        -5.80285951e-05,  9.76697186e-06,  6.60014526e-06,\n",
       "         5.40613391e-05, -2.03853105e-05,  8.38590621e-05,\n",
       "         7.03452367e-06,  2.07337421e-05,  1.78583676e-05,\n",
       "        -7.91828388e-05, -6.93839832e-05, -3.36408656e-05,\n",
       "         8.61167529e-05, -1.54551862e-04,  7.11383637e-05],\n",
       "       [-3.79450896e-04, -1.02504853e-03, -5.80285951e-05,\n",
       "         6.78310988e-04,  4.17988084e-06, -5.22442626e-06,\n",
       "        -2.32465708e-04, -5.97317377e-05,  1.37560975e-05,\n",
       "         6.44117964e-06, -5.00976285e-05, -2.97139333e-05,\n",
       "         2.41985554e-05,  1.41190877e-04, -1.91416816e-04,\n",
       "        -2.06987080e-04,  9.04476290e-05,  4.93102512e-05],\n",
       "       [ 1.10853173e-04,  2.07034240e-04,  9.76697186e-06,\n",
       "         4.17988084e-06,  1.06642591e-03, -1.36535113e-04,\n",
       "         1.28096081e-04, -7.63480477e-05,  2.60357152e-04,\n",
       "         4.71407033e-05,  2.17752864e-04, -4.56719345e-05,\n",
       "        -5.51710102e-04, -2.35672181e-05,  2.40259014e-05,\n",
       "        -1.82942529e-04, -6.32896001e-05,  3.24871831e-04],\n",
       "       [ 5.46230127e-05,  3.07660494e-04,  6.60014526e-06,\n",
       "        -5.22442626e-06, -1.36535113e-04,  2.86726292e-04,\n",
       "         1.98505402e-06,  6.64604971e-05, -1.23500206e-04,\n",
       "        -6.00241469e-05, -7.57048566e-05,  3.28416095e-05,\n",
       "         3.08848295e-04, -5.03455883e-05,  5.87101702e-05,\n",
       "         5.63234101e-05, -6.67030570e-06, -9.23176159e-05],\n",
       "       [ 4.27817064e-04,  1.77191938e-03,  5.40613391e-05,\n",
       "        -2.32465708e-04,  1.28096081e-04,  1.98505402e-06,\n",
       "         8.51089278e-04,  7.97130833e-05,  3.63102591e-05,\n",
       "         3.63618312e-04,  6.18688278e-05,  4.42514023e-05,\n",
       "        -2.12502222e-04, -1.01762960e-04,  2.43245798e-04,\n",
       "        -1.14311166e-04, -1.77920490e-04,  4.01387950e-04],\n",
       "       [ 2.35226753e-04,  8.86362211e-04, -2.03853105e-05,\n",
       "        -5.97317377e-05, -7.63480477e-05,  6.64604971e-05,\n",
       "         7.97130833e-05,  7.00031382e-04, -3.55219769e-05,\n",
       "         6.04302312e-05, -1.13086210e-04,  1.69681996e-05,\n",
       "         1.05407917e-04, -6.28694763e-05,  1.42002633e-05,\n",
       "         6.74579781e-04, -6.43746344e-05, -1.18949152e-04],\n",
       "       [-1.74702534e-04, -8.33379244e-04,  8.38590621e-05,\n",
       "         1.37560975e-05,  2.60357152e-04, -1.23500206e-04,\n",
       "         3.63102591e-05, -3.55219769e-05,  1.10896215e-03,\n",
       "         3.27316048e-04,  1.70348614e-04, -8.56111436e-05,\n",
       "        -5.49235742e-04,  6.23528173e-05, -3.11636316e-04,\n",
       "        -3.48955759e-04,  3.42935615e-05,  6.26966298e-04],\n",
       "       [ 1.04945196e-03, -6.15787515e-04,  7.03452367e-06,\n",
       "         6.44117964e-06,  4.71407033e-05, -6.00241469e-05,\n",
       "         3.63618312e-04,  6.04302312e-05,  3.27316048e-04,\n",
       "         1.33167621e-02, -4.14272749e-05,  4.52716008e-05,\n",
       "        -9.54771930e-04, -1.17108595e-04,  8.99486458e-05,\n",
       "         1.34628221e-03, -6.04531776e-04,  2.18209293e-04],\n",
       "       [-2.14913491e-06, -2.25393686e-04,  2.07337421e-05,\n",
       "        -5.00976285e-05,  2.17752864e-04, -7.57048566e-05,\n",
       "         6.18688278e-05, -1.13086210e-04,  1.70348614e-04,\n",
       "        -4.14272749e-05,  3.14552342e-04, -1.98646545e-05,\n",
       "        -3.35656766e-04,  1.55934726e-05,  2.55141055e-05,\n",
       "        -2.57694138e-04,  7.75151087e-05,  2.67530820e-04],\n",
       "       [ 2.42443742e-04,  6.04789698e-04,  1.78583676e-05,\n",
       "        -2.97139333e-05, -4.56719345e-05,  3.28416095e-05,\n",
       "         4.42514023e-05,  1.69681996e-05, -8.56111436e-05,\n",
       "         4.52716008e-05, -1.98646545e-05,  6.17033935e-04,\n",
       "         1.18519115e-04, -9.77213854e-05,  3.72849679e-05,\n",
       "         2.95739803e-04, -4.18710981e-05, -5.55651276e-05],\n",
       "       [-7.64955990e-04,  1.20788043e-04, -7.91828388e-05,\n",
       "         2.41985554e-05, -5.51710102e-04,  3.08848295e-04,\n",
       "        -2.12502222e-04,  1.05407917e-04, -5.49235742e-04,\n",
       "        -9.54771930e-04, -3.35656766e-04,  1.18519115e-04,\n",
       "         3.77030416e-03, -3.98570884e-05,  2.17224783e-04,\n",
       "         1.85590646e-04,  1.04428293e-05, -6.17401980e-04],\n",
       "       [-5.33276296e-04, -1.12695859e-03, -6.93839832e-05,\n",
       "         1.41190877e-04, -2.35672181e-05, -5.03455883e-05,\n",
       "        -1.01762960e-04, -6.28694763e-05,  6.23528173e-05,\n",
       "        -1.17108595e-04,  1.55934726e-05, -9.77213854e-05,\n",
       "        -3.98570884e-05,  5.17656157e-04, -1.29793147e-04,\n",
       "        -4.24370571e-04,  3.18801992e-04,  1.10472890e-04],\n",
       "       [ 6.20227730e-04,  1.64459789e-03, -3.36408656e-05,\n",
       "        -1.91416816e-04,  2.40259014e-05,  5.87101702e-05,\n",
       "         2.43245798e-04,  1.42002633e-05, -3.11636316e-04,\n",
       "         8.99486458e-05,  2.55141055e-05,  3.72849679e-05,\n",
       "         2.17224783e-04, -1.29793147e-04,  6.37272007e-04,\n",
       "         4.14759429e-04, -2.93736772e-04, -8.15774539e-05],\n",
       "       [ 2.53116799e-03,  4.61427842e-03,  8.61167529e-05,\n",
       "        -2.06987080e-04, -1.82942529e-04,  5.63234101e-05,\n",
       "        -1.14311166e-04,  6.74579781e-04, -3.48955759e-04,\n",
       "         1.34628221e-03, -2.57694138e-04,  2.95739803e-04,\n",
       "         1.85590646e-04, -4.24370571e-04,  4.14759429e-04,\n",
       "         4.96868929e-03, -1.56489300e-03, -5.23767849e-04],\n",
       "       [-1.15629828e-03, -1.89891722e-03, -1.54551862e-04,\n",
       "         9.04476290e-05, -6.32896001e-05, -6.67030570e-06,\n",
       "        -1.77920490e-04, -6.43746344e-05,  3.42935615e-05,\n",
       "        -6.04531776e-04,  7.75151087e-05, -4.18710981e-05,\n",
       "         1.04428293e-05,  3.18801992e-04, -2.93736772e-04,\n",
       "        -1.56489300e-03,  1.55230139e-03,  1.01554346e-04],\n",
       "       [ 1.48475853e-04,  1.68661873e-04,  7.11383637e-05,\n",
       "         4.93102512e-05,  3.24871831e-04, -9.23176159e-05,\n",
       "         4.01387950e-04, -1.18949152e-04,  6.26966298e-04,\n",
       "         2.18209293e-04,  2.67530820e-04, -5.55651276e-05,\n",
       "        -6.17401980e-04,  1.10472890e-04, -8.15774539e-05,\n",
       "        -5.23767849e-04,  1.01554346e-04,  1.20206106e-03]])"
      ]
     },
     "execution_count": 9,
     "metadata": {},
     "output_type": "execute_result"
    }
   ],
   "source": [
    "# Array Type\n",
    "matrix_array = matrix_dataframe.to_numpy()\n",
    "matrix_array"
   ]
  },
  {
   "cell_type": "code",
   "execution_count": null,
   "id": "89aac75f",
   "metadata": {},
   "outputs": [],
   "source": []
  }
 ],
 "metadata": {
  "kernelspec": {
   "display_name": "Python 3 (ipykernel)",
   "language": "python",
   "name": "python3"
  },
  "language_info": {
   "codemirror_mode": {
    "name": "ipython",
    "version": 3
   },
   "file_extension": ".py",
   "mimetype": "text/x-python",
   "name": "python",
   "nbconvert_exporter": "python",
   "pygments_lexer": "ipython3",
   "version": "3.9.7"
  }
 },
 "nbformat": 4,
 "nbformat_minor": 5
}
